U =

    0.1094
    0.2098
    0.3237
    0.2277
    0.4063
    0.5848
    0.3951
    0.6027
    0.6094